System:
threshold: 0.022099999999999922	recall: 0.9636363636363636	precision: 0.9814814814814815	f1: 0.9724770642201834

Confusion matrix and accuracy:
0.7578947368421053	0.022000000000000013	0.07900000000000006	0.5200000000000004
39 2 0 0 
1 7 1 0 
0 8 14 5 
0 2 4 12

Baseline:
threshold: 0.015099999999999964	recall: 0.9454545454545454	precision: 1.0	f1: 0.9719626168224299

Confusion:
0.7684210526315789	0.015000000000000006	0.06400000000000004	0.4130000000000003
40 3 0 0 
0 7 1 0 
0 7 13 4 
0 2 5 13 
